38.6405016845
7.89551130639
48.7912937936
63.4631044545
89.9026042349
-2.48319539361
64.1155857062
32.9097469755
26.6884129118
66.9958842509
30.8884003901
17.3808357595
10.088150885
37.6668133795
-46.4682346155
51.8997784614
46.9894084957
56.2550093007
34.9742867704
3.06273558504
41.5094980054
50.7519264008
-16.4692143144
-4.42839213379
35.0629952793
31.206647047
56.4521373502
82.4452623578
19.3653965597
-5.78802558994
-30.3499557423
4.4266731836
49.6206095156
35.2043350347
32.2949293464
33.6656958711
10.836059459
-7.01105380204
77.0474039485
17.0439655229
55.8169354446
146.80076132
32.5519403437
15.5130016898
52.8909731875
18.4206681454
-19.3760273203
33.4158233292
26.0306472327
26.7967506955
34.1423774113
62.9090634817
61.4286987979
31.3953860032
30.3569796285
59.7742817944
66.1259298971
22.3839760574
48.1711260244
1.69016443801
62.1074818115
42.6003088205
57.2835307019
35.7094698028
-21.7565326167
16.5148401067
8.34254994859
-18.5644758314
33.6489429581
16.4210463936
65.4205923862
31.2506951319
8.37018862897
61.8635237736
12.5461327711
32.2627541411
12.1615988731
42.3843011902
19.7997798739
61.1520179687
17.3703004579
47.0781253166
40.4926311491
3.46494096331
