32.9846651169
-3.50436081516
35.5645179596
47.8472242414
68.8224330221
-20.0464755537
45.7450477229
18.5963850503
15.6456081709
62.1722248758
28.1980652737
9.08718565642
13.2894171936
14.7725730685
-43.8873911744
24.3270415702
33.758079521
41.1030306182
8.0580332101
-10.0023537722
31.8582192182
30.1436656785
-45.3630043092
-29.0229120206
22.8793140517
22.2244573398
46.7668547093
66.8435101293
12.2820173101
-31.3603709805
-43.1888990138
2.94615850874
35.9806367149
27.1265751109
17.7190930926
23.0983964215
3.63506651987
-10.2903539747
67.8065833032
9.10748141963
43.715898576
167.729180563
16.2782403026
1.30575827506
33.4289622017
19.5701921099
-28.4703665329
7.93811055783
19.8541138946
14.8160638197
21.7771914857
50.7753482604
60.4361791436
27.1399662987
19.0774579643
32.0137369044
41.4650198853
13.4238627314
20.0624795487
-16.6015183386
51.5492289634
34.0567776431
33.4737247493
17.4423952234
-35.0458953673
14.1100433026
-12.5449880769
-22.8106811073
21.9636437048
8.44579877968
47.5400895384
16.0467337832
-6.73330161859
55.1383829836
3.11809203461
19.4421774359
3.10408479329
29.8590863342
8.45067819032
51.5348095899
8.47347472984
43.2083524652
30.5630176595
-10.5390663572
