33.6049147929
36.1471786672
37.9806441968
48.0351467603
47.2575777858
30.593092887
42.2479907867
41.9135512418
36.0311280723
55.8296361576
29.7073455979
29.6143503113
29.7092724183
29.9564976984
36.1615376976
42.2309923199
37.4218347522
40.2758211017
42.0528779552
36.2114073114
36.2461281799
36.1493167212
28.2163273901
60.9421925349
39.4039209753
45.244334129
46.8041923312
32.7312134654
47.7955719001
24.460670808
19.8766499045
40.9304951275
32.6192044125
44.8842588203
36.2485076519
41.5165640455
46.7358170637
5.23766289752
66.6600850557
38.3189985702
33.2554153607
41.0519037361
27.0698583199
27.326260468
38.2151762696
40.1417639677
42.2191798826
37.7715252189
37.8431734473
36.8826818169
33.5670071545
42.2479907867
34.881869433
27.326260468
29.6143503113
44.0449003839
53.5873536403
39.3045646106
44.7552371235
31.0629207436
46.2881347292
46.5407553908
45.5132490819
36.9497103839
18.2728208606
28.2763824863
32.1179751362
27.9440871398
31.155226821
34.6259609325
44.1119289509
37.287302895
31.8546692866
31.6574456726
19.5560382386
38.1966102416
19.6499038347
37.4218347522
30.0235262654
39.406951453
32.6192044125
38.2353881997
42.4921482008
33.6909848705
