-0.0085768548163
0.000714593389546
0.00283078739075
-0.00370537877474
0.00312365272767
-0.0334167485287
-0.00509629455936
-0.0131698916191
-0.00314879518894
-0.00056891499982
-0.0102898024153
0.00614078075782
0.0327114482821
0.00318225994327
-0.01288644131
-0.00215194226557
0.00615177210474
-0.0102703932596
-0.00294293018007
-0.00314215167636
0.00522223445644
-0.0120450246897
0.0281712223329
-0.015667284733
-0.0127707094653
-0.0256382290133
0.00274256017429
-0.0141125798125
-0.0240311364813
-0.00588637613355
0.0127850460966
-0.00863102303007
0.00222517887592
0.00640278718676
-0.0185271008139
0.00483423680294
-0.00205736086193
-0.0225945455195
-0.0216156537627
-0.00895235049783
-0.01007029739
0.0189736579886
-0.0210521655778
0.000457950100073
-0.00579839731652
-0.0151050489431
-0.0125611518072
-0.019166073548
0.00183601869832
-0.00616734520412
-0.00864392812504
-0.00252111493527
-0.0149333883447
-0.000930444448997
0.00676381839223
-0.0141947627512
-0.00914879624716
-0.00831189850261
-0.0114255064511
0.00735558607805
0.00260942769346
-0.0184747991579
-0.00994872739101
0.00441794282006
0.0160433212411
-0.0103957279048
0.0129305831133
0.000311970700935
-0.0140889663521
0.00268908767668
-0.0190061845723
0.00431619714467
-0.00405553105317
0.000754963849224
0.035315903515
0.0207041865718
0.037604388686
0.00644233981966
0.00749488319657
-0.00509361626666
0.00245642877864
0.00060195737274
-0.0167625561984
-0.00422591530037
