55.3523534523
51.5037413948
50.0775385763
63.9084160107
57.6726024731
55.1053219645
61.753816609
52.1951986901
50.9508064291
57.9069360807
56.8576294339
41.5988176519
31.944388455
44.202460272
35.7554840482
56.8420456719
53.0280641968
64.8526765575
43.7874704596
29.6772396605
47.2915082222
56.0628575678
17.7470040235
36.2714797259
49.9395934231
54.1697190633
52.881461398
51.5839689107
47.1131607228
32.6739393909
30.2059332185
47.2591863453
43.1485362143
52.1709572824
43.6004653146
54.3215164495
45.9155197481
49.9361303648
70.2360005916
47.0819931986
44.2555604984
32.4759678948
49.1044192108
40.1662658933
54.9846921024
62.5543602388
42.1015382731
49.7035282864
52.2344466835
56.9765277668
59.2921593767
65.6030058428
56.700060284
38.0018544932
40.7307443864
57.7066558791
56.1615547277
52.6107656789
61.3572964405
28.7018115896
58.666500188
53.3980342521
64.0273143436
54.5806686411
20.2836941844
47.7030349764
27.2005758425
53.0015140836
40.6585973397
42.7606736914
63.2867970566
59.124201052
62.2478795846
49.5725092496
9.69366208629
48.7558046813
10.8947661192
55.0885838496
49.183492374
43.1583482127
45.6938840208
57.0492519899
52.9605345611
49.4968991447
