26.6073645434
2.56043534237
30.3776162751
46.0088815875
71.5500332679
-15.7806255015
51.2727330866
17.0697811854
19.1670208552
61.0114667923
18.360526934
14.812868396
2.32387031194
25.4667636958
-48.8719105935
26.2358531812
34.5012948336
37.334649528
2.96662292088
-1.6925140421
33.2047054783
23.5361640347
-13.3688282241
-8.97105687916
23.5114334135
32.4875506079
44.2416218341
49.7806847204
16.3703695027
-17.4417026541
-34.6636216482
14.1623056077
30.6405916827
31.2317201877
17.801757593
25.2535755434
5.2321415193
-22.0912888339
53.4810897871
14.3770952461
32.6984865054
191.379295071
-1.00258285874
8.43178275401
34.0493254972
19.9855398308
-15.6035043412
11.6359543351
18.7997712726
19.9568520436
27.3430282448
56.3170270179
52.6461329601
20.7909293183
19.4066892439
25.0362645314
51.1337275338
22.2827766243
22.9406334492
-17.1200677936
48.8442910109
30.1273784702
34.5050786798
22.7256310016
-29.632651323
4.33862472048
-12.4408921929
-17.0569375046
16.0114805912
10.2546299315
40.6878857333
19.4640258853
8.06760524396
43.1968141525
-6.61380221757
21.1826473381
-1.71655120254
35.002285833
15.3484431788
42.5089366012
13.3182190339
38.7741712447
29.0998213842
-2.21887011723
