35.832368615
36.638087879
39.8514034514
46.8885006555
55.6532625888
32.3839762687
45.3905122935
37.8096822328
34.7278935136
61.4605102899
27.4179001284
30.0136194113
3.67682991935
30.1048564938
31.3907629296
41.4201297386
35.284864852
41.0358686053
43.9715736626
34.5257929126
37.3164477771
34.9986712004
30.1988178259
57.0454599836
37.5365782733
39.5936715071
43.7324601489
32.180800525
45.8154161239
23.51338483
20.9175853752
41.1196143779
31.7191684177
40.4747387185
35.3394516779
41.0861056272
42.9235660615
7.95726467116
78.394970022
37.7313701751
33.6594271395
46.3436463032
35.0933388508
28.1649837699
38.0661406665
41.0269421604
37.5829807029
42.0965925295
35.1142781254
37.9556192757
35.4758560832
45.3905122935
44.5665500146
28.1649837699
30.0136194113
42.7357518226
58.7803407214
38.2826570914
39.8881496608
30.5680745059
47.0673259974
43.135251981
44.3927880792
37.9600824981
21.14752455
30.18571052
29.0149537353
45.7421076856
31.9104723166
36.4108334588
42.7402150451
37.1515502149
32.1594479107
34.7965307418
23.7846228281
41.8187715394
26.5551202191
35.284864852
30.1093197162
38.3549233695
31.7191684177
38.6248372535
41.4659890491
34.5483624185
