61.0492534535
49.2349133139
58.6572849797
59.2503167948
58.5779201271
52.5924874943
58.0333890551
55.3415978048
47.610138415
60.6943161961
58.0774806399
43.8182621246
28.3619570828
46.0140230463
43.5360759821
52.8901056915
51.4791749788
60.0395561623
48.5206296406
21.1507783934
45.734041483
56.1793379155
9.09834369593
47.4756590815
50.3702716218
58.5757155478
52.9055377462
49.2745957402
47.6233658905
25.6591429363
22.0546558812
56.6467087141
44.8059136235
53.2803162167
44.9403929571
50.7450500923
52.0060694168
44.3539748796
68.0840658039
48.5250387991
48.5514937499
40.7605107207
54.9690239135
41.1705624591
59.6184815277
58.4500545312
52.3235288272
59.510457145
54.2723768741
55.6899213245
56.6334812386
59.0364726087
58.502964433
39.062984707
43.6396912063
56.7437102006
53.9593266222
51.333672749
58.6462620835
19.2768860406
63.4257898728
53.2229971565
58.9857672862
53.9549174637
29.4532238059
44.772844935
15.4254861107
54.2833997703
43.6330774686
48.3288312468
61.2697113774
52.1537762258
59.6978463803
48.8799760565
9.02559258106
62.6806420901
0.769443332503
51.1617155684
51.0184179179
51.0140087594
45.4694919744
58.5801247063
52.5660325434
58.6264208703
