55.1605083266
48.7546217932
48.6850954414
63.999405775
58.74255534
55.0543675054
62.8791675738
52.3358460096
52.3140418874
59.3337350297
48.2099301376
43.3414399163
32.2201034153
46.233982991
45.0602629807
56.4753380331
55.1218368646
65.1356885188
36.0243056357
26.0141565683
49.7872321072
55.6064643347
16.30679682
43.5685319056
50.5853452582
44.9360206242
54.2097663204
52.3054025182
49.5868810223
30.6822957047
29.2399324534
48.4719910021
45.5119785682
54.1200814405
44.3431953404
55.8623542212
49.438777551
51.4933018171
67.9977881022
47.7631513324
46.0928732947
38.1063936034
37.3868575719
42.807856021
54.8305667043
62.3677991992
44.6348768992
45.7193234281
53.0014888335
56.7962288876
58.2900169554
65.9379156552
58.9025893687
39.0879904995
43.1122909342
56.7279367314
57.8527003164
53.6951067575
61.1331922063
26.6205580036
59.7377283876
54.8885738973
63.4419607648
53.8942236467
17.2266839363
50.8309501815
24.8383795654
49.202634794
41.179952032
37.8850611935
61.6696558913
60.8036619826
62.0341549902
51.1172835594
11.35109011
40.7130146988
11.9570801468
57.4565235306
50.9926298043
47.4356781013
46.7741492628
59.5007628334
53.6770052221
43.9087584911
