0.428204405641
0.0295156070194
0.025115812654
0.29095344201
-0.13111504007
0.237538963986
0.0237034579061
0.246974958283
-0.0345557211056
0.259498471875
0.0890130359768
0.0392155790384
0.473863664177
0.0433745336458
-1.27704836823
0.130196628615
0.00897902445391
0.353197555898
0.00578764824387
-0.0291640096068
0.00265257170589
0.0155819594719
0.0946031219899
-1.04441010183
-0.0157162021107
0.0114756655809
0.162422883877
0.282247408376
-0.019777756715
-0.0042487354499
0.299929389297
-0.468304988607
-0.0805616025769
0.0891075300714
-0.0167962164021
0.0840282972115
-0.534018998895
0.208109906826
-0.207296071003
-0.032259873684
0.0184865924857
-0.834387235114
0.663601988663
0.0930595659599
-0.24941794697
0.171256148949
-0.743047652718
0.11747824455
0.0626079102318
0.234113388267
0.206527056718
0.377635010184
0.131379881924
0.112154387899
-0.014771318046
0.0443540511919
-0.0353951977396
-0.048569844107
0.247811979888
-0.069388856932
0.166235016137
0.0148174644691
0.233595302862
-0.129550157539
0.0672399724242
-0.164604611672
-0.0377165787216
0.389507406075
0.00447442342454
0.000683614142201
0.297359852387
0.269029964553
0.0595915769813
-0.0591324167421
0.196277627259
0.170825368776
0.189872841626
0.0675115719448
0.281565708369
-0.480409746836
0.064573605454
0.227613036999
0.000661179582661
-0.0777021389443
